190761
256227
297573
293382
293400
293407
293516
297000
297495
809739
815465
815464
815460
795198
802348
815497
815424
795183
812276
812710
813652
813654
813656
814724
785074
809779
813630
813193
787725
807653
808785
810285
813540
798962
799575
800513
802915
803398
807793
803922
806050
806051
809541
810654
810899
811067
811366
810835
812228
804576
803894
779373
789053
792749
803336
792111
801907
803088
756933
801825
793267
795448
797409
800860
800080
790791
800393
528492
796704
786590
800095
783041
780139
187934
800078
799567
799901
800037
800075
794511
789253
799558
796304
797440
799112
786728
799111
785080
794104
798440
798384
798290
780641
781556
794117
795462
792754
793719
785190
792714
793513
792708
791866
790499
793639
792752
793570
786071
791585
791516
791088
789469
764364
789769
789143
789038
790778
760260
790496
790500
798385
800064
799520
773595
765677
790503
777878
780564
790222
786890
790147
781799
788457
764810
786885
779847
766943
787264
785863
786687
777681
785535
777579
787672
785084
412275
776387
787614
787459
764827
786685
786467
776837
786183
784541
782956
781472
783558
784176
777177
556113
784059
783207
781478
654876
766696
781456
771014
783219
766604
783217
777424
778950
779345
772501
777257
776128
758230
772524
775694
776558
774946
772297
773450
745283
765009
774705
773650
774433
771836
769734
769802
770720
763363
769247
761414
761503
760905
770975
768206
745460
733097
751955
737078
744420
732633
746221
744918
745288
745293
708952
698379
595832
190758
309552
666740
694416
297543
447573
653394
652885
342290
610435
550443
590564
590253
317184
587679
2884
599723
598640
448427
219545
431624
176029
770003
660259
694604
637531
664266
607339
