190761
256227
297573
293382
293400
293407
293516
297000
297495
786071
791585
791516
791088
789469
764364
789769
789143
789038
790778
790614
760260
2884
790496
790500
765677
790289
790503
777878
780564
789253
790222
786890
790147
781799
788457
764810
786885
779847
766943
786728
787264
785863
786687
777681
785535
777579
787672
785084
412275
776387
787614
787459
764827
786685
786467
776837
786183
784541
782956
785080
786590
781472
783558
784176
777177
556113
784059
783207
781478
654876
766696
783041
781456
771014
783219
766604
